2
Object1
14
0
8.5
4
-6.65799 -0.364565
-10.0369 -0.364565
-10.307 -1.14994
-6.74542 -1.06102
0
8.5
4
1.18518 -0.364565
-0.946306 -0.364565
-1.07658 -0.919483
1.12143 -0.864609
0
8.5
4
5.99153 -0.364565
3.45057 -0.364565
3.39656 -0.807804
5.96271 -0.743736
0
8.5
4
-3.83784 -0.364565
-6.65799 -0.364565
-6.74542 -1.06102
-3.85751 -0.988922
0
8.5
4
3.45057 -0.364565
1.18518 -0.364565
1.12143 -0.864609
3.39656 -0.807804
0
8.5
4
-0.946306 -0.364565
-3.83784 -0.364565
-3.85751 -0.988922
-1.07658 -0.919483
0
8.5
4
8.62338 -0.364565
8.56353 0.420809
6.04516 0.340981
5.99153 -0.364565
0
8.5
4
-6.61982 -0.0605011
-9.96885 -0.166655
-10.0369 -0.364565
-6.65799 -0.364565
0
8.5
4
1.25577 0.189163
-0.831845 0.122986
-0.946306 -0.364565
1.18518 -0.364565
0
8.5
4
6.04516 0.340981
3.5268 0.26115
3.45057 -0.364565
5.99153 -0.364565
0
8.5
4
-3.82547 0.0281067
-6.61982 -0.0605011
-6.65799 -0.364565
-3.83784 -0.364565
0
8.5
4
3.5268 0.26115
1.25577 0.189163
1.18518 -0.364565
3.45057 -0.364565
0
8.5
4
-0.831845 0.122986
-3.82547 0.0281067
-3.83784 -0.364565
-0.946306 -0.364565
0
8.5
4
8.64717 -0.676718
8.62338 -0.364565
5.99153 -0.364565
5.96271 -0.743736
Object2
8
0
1.5
4
-1.41162 3.19524
-2.05434 3.12849
-2.30508 1.54107
-1.44976 1.54107
0
1.5
4
-1.48549 -0.00911713
-2.54994 -0.00911999
-2.80835 -1.64506
-1.52321 -1.64506
0
1.5
4
-1.44976 1.54107
-2.30508 1.54107
-2.54994 -0.00911999
-1.48549 -0.00911713
0
1.5
4
-1.52321 -1.64506
-2.80835 -1.64506
-3.07643 -3.34227
-1.55941 -3.21516
0
1.5
4
-0.0721091 1.54107
-0.171467 3.32403
-1.41162 3.19524
-1.44976 1.54107
0
1.5
4
0.105443 -1.64506
0.0142775 -0.00911999
-1.48549 -0.00911713
-1.52321 -1.64506
0
1.5
4
0.0142775 -0.00911999
-0.0721091 1.54107
-1.44976 1.54107
-1.48549 -0.00911713
0
1.5
4
0.184794 -3.06901
0.105443 -1.64506
-1.52321 -1.64506
-1.55941 -3.21516

